-7.74125e-07
  1.8591e-13
-7.26221e-09
-4.58155e-16
 5.03304e-12
 2.59518e-19
-3.45738e-15
 5.33776e-07
 -2.7635e-15
  1.3668e-09
 8.42495e-18
-9.38099e-13
-6.79468e-21
 5.96715e-16
-6.46752e-09
-5.20157e-16
 6.45003e-11
 6.26535e-19
 2.78973e-14
 7.15696e-23
  -1.526e-17
-3.47279e-09
-4.02847e-17
-6.25387e-12
 8.28006e-20
 3.68969e-15
-3.66749e-23
-2.45714e-18
 1.05508e-10
 2.29537e-18
 5.10972e-14
-3.93807e-21
-8.80312e-17
 1.23709e-24
 5.95167e-20
  5.0009e-12
 5.51096e-20
 8.30684e-15
-1.19722e-22
-4.16605e-18
 5.75883e-26
 2.65508e-21
-1.35755e-13
-1.94548e-21
-1.74556e-16
 3.83636e-24
 9.78115e-20
-1.61756e-27
-6.36751e-23
-8.16718e-09
 -1.3375e-14
-2.87623e-10
 2.72268e-17
 7.37876e-13
-1.45676e-20
-4.43266e-16
 2.92979e-10
-9.05832e-17
 1.82871e-11
 4.41615e-19
-4.18767e-14
 -2.8392e-22
 2.82025e-17
-1.51113e-10
  4.0235e-17
-1.72613e-12
-9.17328e-20
 4.28055e-15
 5.01709e-23
 -3.1264e-18
-1.12017e-12
 5.65839e-19
 -1.2931e-13
-3.71607e-21
 2.86046e-16
 2.48052e-24
-2.00884e-19
 2.54502e-13
-7.24569e-20
  5.2113e-15
 2.08169e-22
-1.25072e-17
-1.21991e-25
 9.11526e-21
 1.87579e-15
-5.89655e-22
 1.72738e-16
 4.76976e-24
-3.85927e-19
-3.18246e-27
 2.73619e-22
-1.34365e-16
 3.70423e-23
-4.96435e-18
-1.61212e-25
 1.14971e-20
 1.01375e-28
-8.28346e-24
 5.58285e-10
-9.79368e-16
-1.39322e-11
 2.70084e-18
 3.99201e-14
-1.64001e-21
-2.36246e-17
 -2.2057e-10
 7.27661e-18
-4.29208e-12
-7.17978e-20
 9.92594e-15
  6.6691e-23
-6.13024e-18
 1.98156e-11
 1.31187e-19
 6.15255e-13
 5.05617e-21
-1.48346e-15
-6.88539e-24
 9.03971e-19
 3.96594e-13
  2.5679e-20
 3.81474e-14
 3.84961e-22
-8.70094e-17
-4.39876e-25
  5.2966e-20
-4.57012e-14
 -1.9666e-21
 -1.8271e-15
 -1.4504e-23
 4.34211e-18
  2.0443e-26
-2.64213e-21
-7.04055e-16
-4.14323e-24
-5.27922e-17
-5.86782e-25
 1.21145e-19
 6.28192e-28
-7.37812e-23
 3.32718e-17
 8.59016e-25
 1.63596e-18
 1.60514e-26
 -3.8248e-21
-1.91832e-29
 2.32876e-24
 3.25569e-11
 5.15726e-17
 8.92943e-13
-1.13949e-19
-2.29687e-15
 6.33997e-23
 1.40327e-18
 8.98464e-13
 1.05055e-19
-4.68361e-15
-5.12067e-22
 1.62301e-17
 1.88899e-25
-1.13504e-20
 1.29438e-13
-1.08852e-19
 4.32838e-16
 2.35967e-22
-2.39314e-18
-9.75969e-26
 1.77613e-21
-1.50713e-15
 2.47385e-22
 3.28018e-17
 2.70473e-24
 -1.4093e-19
-7.57346e-28
 1.02314e-22
-1.71429e-16
 1.39275e-22
 -1.3085e-18
-3.22287e-25
  7.0042e-21
 8.86293e-29
-5.19354e-24
 2.38336e-18
-1.49069e-24
-4.37319e-20
-1.34002e-27
 1.96022e-22
-2.68705e-31
-1.43138e-25
 2.52515e-20
-1.70368e-26
 1.25134e-21
 1.18736e-28
-6.17759e-24
  -1.056e-32
 4.55284e-27
-4.71297e-14
 2.61864e-18
 3.40125e-14
 -6.9206e-21
-8.31792e-17
 4.13436e-24
 5.19648e-20
 3.61702e-13
 -2.6656e-20
 8.94397e-15
 1.86963e-22
-1.93964e-17
-1.63781e-25
 1.22783e-20
-4.37306e-14
-1.49927e-21
-1.21704e-15
-6.07684e-24
 2.64141e-18
 1.13836e-26
-1.67572e-21
-5.54024e-16
 1.60883e-22
-7.70796e-17
-1.44748e-24
 1.59479e-19
 1.33678e-27
-1.00497e-22
 8.87295e-17
 5.33256e-25
 3.62041e-18
 3.85011e-26
-7.72859e-21
-4.75926e-29
 4.89485e-24
  1.0886e-18
-3.18249e-25
 1.06219e-19
  2.2331e-27
-2.20441e-22
-1.97478e-30
  1.3918e-25
-5.85503e-20
 5.66188e-27
-3.26334e-21
-5.53988e-29
  6.8703e-24
 5.42691e-32
-4.34687e-27
-2.12582e-14
-3.96419e-20
-5.87906e-16
 9.20526e-23
 1.48821e-18
-5.23512e-26
-9.16405e-22
-1.56984e-15
 1.08735e-22
-2.88053e-17
-5.64553e-25
  5.8123e-20
  5.8871e-28
-3.69385e-23
 8.24199e-17
 6.33512e-23
 3.24806e-18
-1.13695e-25
-6.01174e-21
 1.74968e-29
 3.85468e-24
 3.04324e-18
-1.82018e-24
 2.23309e-19
  6.6093e-27
-3.99915e-22
-6.16084e-30
 2.53156e-25
-2.17393e-19
-4.41452e-26
-9.72965e-21
-3.22689e-29
 1.75668e-23
 1.64145e-31
-1.12316e-26
-5.37936e-21
 3.62636e-27
-3.02928e-22
 -1.1755e-29
 5.40117e-25
 9.99026e-33
-3.43065e-28
 1.92263e-22
-5.56424e-29
 9.00521e-24
 2.46002e-31
 -1.6123e-26
-2.57592e-34
  1.0284e-29
 -2.1168e-16
-1.48456e-21
-1.83987e-17
 3.81286e-24
  4.4938e-20
-2.25201e-27
-2.81502e-23
-1.64905e-16
 1.50599e-23
-4.11038e-18
-9.47091e-26
 8.83678e-21
 8.17902e-29
-5.61555e-24
 1.94943e-17
 1.19711e-24
 5.34774e-19
 1.38524e-27
-1.14218e-21
-4.53666e-30
 7.30006e-25
 2.77321e-19
-1.22158e-25
 3.45131e-20
 8.04648e-28
-7.01489e-23
-7.10698e-31
 4.44544e-26
-4.02348e-20
 2.47894e-28
 -1.5933e-21
-1.91195e-29
 3.34119e-24
  2.3279e-32
-2.13152e-27
-5.27912e-22
 2.23604e-28
-4.73848e-23
-1.25233e-30
 9.65562e-26
 1.06242e-33
-6.13347e-29
 2.70798e-23
-4.25795e-30
 1.44476e-24
 3.02989e-32
-2.98645e-27
-2.84156e-35
  1.9024e-30
 1.05639e-08
-1.89386e-15
  4.6096e-11
 6.48391e-18
-5.86789e-13
-4.64402e-21
 1.61599e-16
-9.37999e-10
   1.183e-16
 7.50867e-12
 -5.9412e-19
-5.53505e-15
 5.69329e-22
 1.52022e-17
 5.14954e-11
 5.38824e-18
-9.28985e-13
 -4.4774e-20
 1.87332e-15
 2.76247e-23
-2.25711e-18
 3.03187e-12
-1.26802e-18
-4.56417e-14
 6.14776e-21
 1.17614e-16
-5.41673e-24
-9.53134e-20
-1.64204e-13
 9.22359e-21
 2.40534e-15
-1.13989e-23
  -6.327e-18
 3.43426e-26
 5.37037e-21
-6.97156e-15
 2.13032e-21
 8.04424e-17
-1.01192e-23
-1.68678e-19
 8.58053e-27
 1.73819e-22
 2.10203e-16
 -4.1659e-23
-2.45428e-18
 1.83721e-25
 5.56292e-21
-1.64464e-28
-5.36717e-24
 6.92285e-10
-6.41783e-17
-8.68662e-12
 3.58775e-19
  6.8037e-15
 -2.9018e-22
-8.80199e-18
 2.31701e-10
-1.60231e-18
 1.48153e-09
 8.70886e-21
  4.7938e-13
-6.44018e-24
 1.22559e-16
-4.01213e-11
 7.10953e-19
-4.24234e-11
-3.91828e-21
-1.69094e-14
 3.12512e-24
-5.41747e-18
 -1.4443e-12
 1.20633e-20
 8.45572e-13
-6.64235e-23
 4.37998e-16
 5.08511e-26
 1.56591e-19
 8.85991e-14
-1.55038e-21
-1.68182e-14
 8.48951e-24
-1.02154e-17
-6.72165e-27
-3.87313e-21
 2.64776e-15
-1.28895e-23
 3.64055e-16
 7.42853e-26
 2.32647e-19
-5.77138e-29
 8.18101e-23
-8.39407e-17
 8.32044e-25
-3.95609e-18
-4.63246e-27
 -2.6367e-21
 3.65539e-30
-8.19467e-25
-4.95967e-11
  9.5054e-18
-1.77697e-13
-4.82212e-20
  6.3503e-16
 3.42641e-23
-2.56664e-19
 -2.6957e-12
-1.09929e-18
-4.37911e-12
 5.22978e-21
-2.38988e-15
-5.03281e-24
-1.53376e-18
 6.03413e-13
-1.60784e-20
 1.40596e-13
 3.52413e-22
 3.23992e-17
-2.03977e-25
 1.02825e-19
 1.52764e-14
 1.11851e-20
-1.30892e-15
-5.34616e-23
-4.25535e-18
 4.74891e-26
 -5.1041e-22
-1.21997e-15
-1.31644e-22
-2.46815e-17
 1.58393e-25
 1.90911e-19
 -3.6706e-28
 -4.5238e-23
-2.17911e-17
-1.86004e-23
-1.49163e-18
 8.77851e-26
   2.144e-21
-7.49968e-29
-3.34259e-24
 8.45975e-19
 3.83058e-25
 4.42865e-20
-1.61633e-27
 -1.0308e-22
 1.46326e-30
 8.98535e-26
-2.75559e-13
 1.70599e-19
 4.30736e-15
-1.30435e-21
-4.59641e-18
 1.17987e-24
 4.50241e-21
-1.27229e-13
 1.17214e-20
-1.17065e-13
-7.47816e-23
  -7.028e-17
 6.72555e-26
-2.67254e-20
 1.78107e-14
-2.27385e-21
 4.18788e-15
 1.51845e-23
 3.19603e-18
-1.37241e-26
 1.18628e-21
 6.17169e-16
-1.05144e-22
 -1.1882e-16
 6.62974e-25
-6.83726e-20
-5.86418e-28
-4.95797e-23
-3.92535e-17
 5.92708e-24
 3.55604e-18
-3.91904e-26
 1.53443e-21
  3.5277e-29
 1.96461e-24
-1.04013e-18
 1.50969e-25
-8.18677e-20
-9.32463e-28
-8.85233e-23
 8.16333e-31
-3.89738e-26
 3.44633e-20
-4.99566e-27
 7.99731e-22
 3.18241e-29
 1.53656e-24
-2.82151e-32
 2.55971e-28
 7.33631e-14
-1.58176e-20
  5.7329e-16
 6.82761e-23
-1.55898e-18
-4.62103e-26
 9.00102e-22
 2.02121e-15
 2.09515e-21
 7.37402e-16
-1.05786e-23
-5.46038e-19
  1.0065e-26
 8.15021e-22
-4.63792e-16
 1.63923e-23
-6.58912e-17
-4.25331e-25
 1.34191e-19
 1.89138e-28
-1.08023e-22
-2.29242e-18
-2.12355e-23
-7.75167e-19
 1.06697e-25
 3.30128e-21
-9.43307e-29
-1.50721e-24
 4.79265e-19
 2.77266e-25
  9.7239e-20
-8.45355e-28
-2.93032e-22
 1.13803e-30
 1.68441e-25
 7.91668e-21
 3.51747e-26
 1.96766e-21
-1.72979e-28
-5.07876e-24
 1.47511e-31
 3.94231e-27
-3.00717e-22
-7.35384e-28
-7.63202e-23
 3.39331e-30
 2.08336e-25
-3.04152e-33
-1.42797e-28
-9.74755e-17
-5.12176e-23
 -2.9683e-18
    6.63e-25
 7.20017e-21
 -6.5294e-28
-4.52677e-24
 2.36887e-17
-1.25553e-23
 4.29738e-18
 7.75821e-26
 7.26591e-21
-7.17724e-29
 5.45993e-25
-3.62156e-18
 1.21157e-24
-1.64703e-21
-8.68481e-27
-8.11533e-22
 8.51762e-30
 2.54397e-25
-1.43059e-19
 1.19691e-25
 1.24397e-20
-7.23267e-28
-8.36352e-24
 6.43754e-31
 1.31908e-26
 1.03133e-20
-4.08446e-27
 -7.4668e-22
 2.77523e-29
  1.0411e-24
-2.63316e-32
 -1.0021e-27
 1.84933e-22
-1.85416e-28
  3.3301e-25
 1.08019e-30
 3.28167e-26
-9.40397e-34
-6.79271e-30
-7.46749e-24
  4.8949e-30
 2.33652e-25
-2.99708e-32
-1.06513e-27
 2.68833e-35
 4.81024e-31
-3.03165e-17
 5.73549e-24
-2.78104e-19
 -1.9818e-26
 7.68647e-22
 1.16349e-29
-4.58825e-25
-7.72036e-19
-9.96526e-25
-1.48664e-19
 5.20391e-27
 3.75165e-22
-4.90261e-30
-2.77817e-25
 1.41314e-19
 7.21343e-27
 2.50614e-20
 7.09132e-29
-6.72586e-23
 1.63131e-32
 4.48782e-26
 1.42515e-22
 1.00137e-26
 4.42342e-22
-5.17931e-29
-1.35364e-24
 4.56304e-32
 8.27069e-28
-7.45917e-23
-1.59644e-28
-4.68698e-23
 6.68402e-31
 1.31851e-25
-7.54547e-34
-8.26418e-29
-2.21163e-24
-1.64395e-29
-8.33188e-25
 8.28852e-32
 2.35962e-27
-7.06266e-35
-1.60053e-30
 5.38602e-26
 3.55367e-31
 3.41814e-26
-1.72884e-33
-9.58384e-29
  1.5386e-36
 6.26795e-32
 1.04251e-09
-4.27417e-16
-1.47935e-11
 6.80446e-19
 5.43911e-14
-2.61859e-22
 -3.0148e-17
-1.93892e-10
 1.17912e-17
-1.13744e-12
-9.82806e-20
 4.32952e-15
 8.98781e-23
-2.26046e-18
-5.20882e-13
-1.57348e-18
 2.72795e-13
 1.50015e-20
-1.03827e-15
 -1.4215e-23
 5.42089e-19
 4.70801e-13
-2.24654e-20
 1.41834e-14
 5.94077e-22
-5.39792e-17
-5.90604e-25
 2.81832e-20
-1.91964e-14
 1.59974e-21
-7.99663e-16
 -3.4921e-23
 3.04339e-18
 3.53259e-26
-1.58899e-21
-5.69946e-16
 6.50154e-23
-2.03896e-17
-8.48722e-25
 7.75979e-20
 8.05588e-28
-4.05149e-23
 1.99406e-17
-1.71545e-24
  6.7946e-19
 2.83013e-26
-2.58587e-21
-2.77606e-29
 1.35012e-24
-4.87276e-11
 4.93792e-17
-1.71097e-13
-1.11655e-19
 3.68831e-16
 6.36624e-23
-2.61007e-19
 6.92173e-13
-2.27185e-20
-6.97536e-12
-2.41267e-21
 -3.8433e-15
 1.89102e-24
-2.67726e-18
  3.2854e-13
-3.02121e-20
 2.09701e-13
 2.40609e-22
  8.8088e-17
-1.79653e-25
 1.57082e-19
 1.14861e-14
-9.55815e-22
-1.45355e-15
 2.56379e-23
-7.41095e-18
-1.93674e-26
-8.14682e-22
 -1.0995e-15
 3.49259e-23
-3.08691e-17
-7.97093e-25
 2.66905e-19
 6.19455e-28
-3.79892e-23
-1.89261e-17
 9.49377e-25
-2.72788e-18
-3.46967e-26
 3.17774e-21
 2.59303e-29
  -5.786e-24
 8.23028e-19
-2.15898e-26
 7.03534e-20
 8.98136e-28
-1.39568e-22
-6.84189e-31
 1.37989e-25
 2.10059e-12
 5.40888e-19
 2.66269e-14
 1.86877e-21
-5.74137e-17
-2.08613e-24
 4.06261e-20
-1.25488e-12
-2.67996e-20
-1.30865e-13
 9.43326e-22
-6.27282e-16
-8.92781e-25
 2.09422e-19
 2.23983e-13
  3.7848e-20
-6.94932e-15
-2.00186e-22
 5.38804e-17
 1.71868e-25
-2.60033e-20
 1.25155e-14
 1.85348e-21
-1.24618e-15
-1.14606e-23
 1.92968e-18
  9.5234e-27
-1.47021e-21
-6.35293e-16
-1.07753e-22
 5.54881e-17
 5.89596e-25
-1.07891e-19
-5.01759e-28
 7.71713e-23
-1.76158e-17
-2.99894e-24
 1.00225e-18
 1.66275e-26
   -3.02e-21
-1.35042e-29
 1.65123e-24
 5.57089e-19
 9.78352e-26
-3.65824e-20
-5.29569e-28
 9.54523e-23
 4.38113e-31
-5.74366e-26
 6.54221e-14
-1.92667e-19
 4.45718e-17
 4.47311e-22
 -9.5951e-20
-2.55287e-25
 6.79325e-23
 4.42458e-15
 7.17424e-22
 7.65219e-16
 2.58533e-25
 2.42518e-18
 5.63386e-28
  1.1339e-22
-1.19009e-15
 -6.7815e-23
 1.18033e-17
 8.06383e-26
-1.49423e-19
-2.73636e-28
 1.78932e-23
-6.04202e-17
-1.36288e-23
 3.92522e-18
 8.92267e-27
-5.41503e-21
-1.02251e-29
 5.32996e-24
 3.52406e-18
 6.54319e-25
-1.68854e-19
-1.20744e-27
 2.65991e-22
 1.29234e-30
 -2.3435e-25
 8.74848e-20
 2.49321e-26
-2.67435e-21
-2.52672e-29
  8.2279e-24
 2.12435e-32
-2.40476e-27
-2.96537e-21
-7.75496e-28
 1.01828e-22
 1.13956e-30
-2.44508e-25
 -1.0187e-33
 1.14483e-28
-3.89748e-15
-4.65261e-21
-5.96776e-17
 6.12468e-24
 1.28668e-19
-2.12437e-27
-9.10485e-23
 2.40561e-15
 1.76227e-22
-3.30222e-16
-2.18686e-24
 8.68307e-19
 1.95694e-27
-5.27082e-22
 -4.0441e-16
-6.85486e-23
 3.44312e-17
  3.5746e-25
-8.88445e-20
-3.09676e-28
 5.59062e-23
-2.29766e-17
-4.82426e-24
 1.78399e-18
 2.60871e-26
-3.95787e-21
-2.09824e-29
 2.53896e-24
 1.13779e-18
 2.28642e-25
-8.96451e-20
-1.17561e-27
 2.13442e-22
 9.87078e-31
-1.38271e-25
 3.21876e-20
   7.698e-27
-2.26796e-21
-3.83531e-29
 5.30049e-24
 3.02202e-32
-3.29791e-27
-1.00552e-21
-2.31972e-28
 7.32937e-23
 1.15219e-30
-1.74329e-25
-9.29692e-34
  1.1032e-28
-2.81548e-17
 1.39147e-22
 2.35303e-19
-3.18309e-25
-5.07404e-22
 1.80603e-28
 3.59031e-25
 -1.0716e-17
-1.49592e-24
 1.35296e-18
 8.12158e-27
-3.38195e-21
-7.31247e-30
 1.95486e-24
 1.88984e-18
 2.28577e-25
 -1.3463e-19
-9.98039e-28
 3.25138e-22
 1.00808e-30
-1.99951e-25
 1.05949e-19
 2.79862e-26
-6.96465e-21
-1.02112e-28
 1.53616e-23
 8.11957e-32
-9.86155e-27
-5.35178e-21
-1.17754e-27
 3.47638e-22
 4.47321e-30
-7.96536e-25
-3.87619e-33
 5.17979e-28
-1.48985e-22
-4.62781e-29
 8.62609e-24
 1.59038e-31
-1.99343e-26
 -1.2219e-34
 1.21038e-29
 4.70015e-24
 1.35299e-30
-2.79576e-25
-4.76262e-33
 6.48877e-28
 3.80462e-36
-4.05221e-31
 1.32535e-18
  3.4522e-24
 2.90063e-20
-6.21548e-27
 -6.2537e-23
  3.0627e-30
  4.4253e-26
-1.12304e-18
-1.09143e-25
 1.60263e-19
 1.06791e-27
 -3.8466e-22
-9.37249e-31
 2.43374e-25
 1.85479e-19
 3.00393e-26
-1.60554e-20
-1.54877e-28
   3.962e-23
 1.35632e-31
-2.54389e-26
 1.05915e-20
 2.50254e-27
-7.86698e-22
-1.27025e-29
 1.78956e-24
   1.009e-32
-1.13231e-27
-5.20532e-22
-1.09904e-28
  3.9872e-23
 5.43165e-31
-9.63962e-26
-4.54175e-34
  6.1754e-29
-1.48163e-23
-3.98871e-30
 1.03466e-24
 1.88136e-32
-2.35779e-27
-1.46423e-35
 1.49482e-30
 4.61126e-25
 1.16998e-31
-3.31553e-26
-5.53376e-34
 7.79516e-29
 4.41965e-37
-4.97189e-32
-2.30072e-11
 5.31698e-19
-4.08297e-14
-4.18047e-21
 8.22201e-16
 4.08343e-24
-1.85135e-19
 3.01452e-12
-5.31239e-19
-1.10094e-14
 2.09123e-21
 4.74486e-18
-1.71778e-24
-2.08132e-20
-4.44959e-14
 2.38793e-20
 1.37925e-15
-9.99143e-24
-1.92769e-18
 7.24167e-27
 2.98215e-21
-1.02035e-14
 5.16199e-21
 6.78749e-17
-2.04074e-23
-1.29474e-19
 1.60482e-26
 1.23162e-22
 3.20237e-16
-1.27662e-22
 -3.5837e-18
 3.47138e-25
 6.85976e-21
-2.75514e-28
-6.93894e-24
 1.86173e-17
-7.86819e-24
-1.19034e-19
 3.14136e-26
 1.85548e-22
-2.43193e-29
-2.30299e-25
-4.98901e-19
 1.88625e-25
 3.63914e-21
-6.88212e-28
-6.09912e-24
 5.33994e-31
 7.05931e-27
-4.21854e-13
  3.0191e-19
 1.42104e-14
-1.27563e-21
 -1.4251e-17
 9.75832e-25
 1.54916e-20
-2.52027e-13
 9.05748e-21
-3.70903e-13
-3.62598e-23
 -2.0427e-16
 2.64794e-26
-8.28212e-20
 3.99641e-14
-3.35668e-21
 1.32627e-14
 1.40584e-23
  8.4723e-18
-1.06601e-26
 4.17113e-21
 1.08207e-15
-7.30956e-23
-3.38604e-16
 2.90319e-25
-2.34421e-19
-2.15606e-28
-1.31176e-22
 -7.3929e-17
 7.52389e-24
 9.41357e-18
-3.11994e-26
 6.75229e-21
 2.35554e-29
 4.25638e-24
-2.39314e-18
 9.03564e-26
-2.56242e-19
-3.56152e-28
-2.09348e-22
  2.6601e-31
-1.28619e-25
 7.44963e-20
-4.54519e-27
 3.01383e-21
 1.85261e-29
 2.71561e-24
-1.39474e-32
  1.5811e-27
 3.25052e-14
-6.94386e-21
 2.93756e-18
 6.58157e-23
-2.32528e-19
 -5.0604e-26
 -5.7557e-23
 1.52543e-15
 4.10499e-21
 2.36597e-15
-1.63735e-23
 1.52061e-18
 1.38911e-26
 1.58269e-21
-5.96328e-16
-9.20422e-23
-8.05825e-17
-3.58084e-25
-2.96611e-20
  1.8592e-28
-1.02523e-22
 2.71886e-18
-3.96471e-23
 4.15329e-19
 1.60846e-25
 3.56016e-21
-1.29841e-28
 1.14868e-24
 7.61825e-19
 7.90191e-25
 1.82801e-20
-1.88948e-27
-1.34036e-22
 1.75446e-30
-1.45022e-26
-2.53254e-21
 6.11584e-26
 1.72951e-21
 -2.5053e-28
-2.40003e-24
 1.98196e-31
 4.77984e-27
-2.38425e-22
-1.38548e-27
-4.37403e-23
 5.14114e-30
 8.82881e-26
-4.15688e-33
-9.92407e-29
 5.29681e-16
-7.90904e-22
-6.67442e-18
 4.08398e-24
 7.79296e-21
-3.49351e-27
 -7.2321e-24
 1.96373e-16
-4.59212e-23
 5.64779e-17
 2.23577e-25
 4.50755e-20
-1.90067e-28
 2.91899e-23
-2.91754e-17
 9.51505e-24
-2.40894e-18
  -4.683e-26
-2.21436e-21
 4.01758e-29
  -1.521e-24
-1.05168e-18
 4.04817e-25
 8.44853e-20
-1.96688e-27
 4.83338e-23
 1.65284e-30
  5.5512e-26
 6.64159e-20
 -2.4393e-26
-3.11677e-21
  1.1988e-28
-1.99383e-24
-1.02394e-31
-2.36658e-27
 1.73625e-21
-5.64188e-28
 8.63059e-23
 2.72909e-30
  1.1663e-25
-2.27822e-33
 7.58697e-29
-5.78207e-23
 1.95032e-29
-9.61766e-25
-9.50687e-32
-1.86491e-27
 8.02385e-35
-9.07042e-31
-3.65156e-17
 1.62393e-23
-2.58822e-19
-1.00755e-25
 7.17889e-22
    7.19e-29
-3.41052e-25
 1.56055e-18
-7.45046e-24
-5.34148e-19
 3.12876e-26
 4.81963e-22
-2.67124e-29
-8.87262e-25
 2.49675e-19
 1.20334e-25
 4.92542e-20
 4.42771e-28
-1.00299e-22
-1.10623e-31
 9.40182e-26
-4.20368e-20
 7.21719e-26
 8.50288e-22
-3.06284e-28
-2.93046e-24
 2.48968e-31
 1.02458e-27
 9.75084e-22
-1.34855e-27
-7.00766e-23
 4.04986e-30
  2.0832e-25
-3.82687e-33
  -1.016e-28
 5.00852e-23
-1.11662e-28
-2.24425e-24
 4.75501e-31
 5.25812e-27
-3.78622e-34
-4.64318e-30
-1.28075e-24
 2.49257e-30
 7.05228e-26
-9.94019e-33
-1.78877e-28
 8.12863e-36
  1.3243e-31
-3.80945e-20
 3.55982e-25
 2.05314e-21
-2.13423e-27
-4.35129e-24
 1.93842e-30
 2.75923e-27
-5.11052e-20
 4.53628e-26
-2.69935e-21
-2.20852e-28
-6.26759e-24
 1.91084e-31
-1.79276e-27
 6.68053e-21
-5.17353e-27
 6.95809e-23
 2.64097e-29
 5.70699e-25
-2.42387e-32
-5.69525e-29
 3.73876e-22
-4.19171e-28
-1.34542e-23
 2.03096e-30
 7.60899e-27
-1.70847e-33
-1.30956e-29
-2.08328e-23
 1.63507e-29
  6.6144e-25
-8.23122e-32
-4.82579e-28
 7.33039e-35
 8.25691e-31
-4.93276e-25
 6.17078e-31
-2.78762e-27
-2.96135e-33
-3.89906e-29
 2.45436e-36
-2.01059e-33
 1.70044e-26
 -1.7272e-32
-1.38721e-28
 8.43661e-35
 9.71551e-31
-7.18352e-38
 -2.2233e-34
  1.5024e-20
  -4.767e-27
 1.24814e-22
 2.37153e-29
-3.64786e-25
 -1.3298e-32
 1.96635e-28
-8.32773e-22
 3.45119e-27
 1.36101e-22
-1.49583e-29
-3.50729e-25
 1.27965e-32
 2.78301e-28
-5.44631e-23
-8.08976e-29
-1.90087e-23
 3.94753e-32
 5.12095e-26
-1.60987e-34
-3.57637e-29
 1.89992e-23
-3.33166e-29
-4.54175e-25
 1.45317e-31
 1.21166e-27
-1.18648e-34
-6.88621e-31
 -5.4289e-25
 6.70786e-31
 3.45414e-26
-2.39306e-33
-9.36473e-29
  2.2259e-36
 5.63071e-32
-2.26254e-26
 5.13683e-32
 9.18039e-28
-2.23972e-34
-2.40018e-30
 1.79206e-37
 1.69237e-33
 6.19921e-28
-1.16648e-33
-3.07464e-29
 4.87306e-36
 8.15292e-32
-4.01102e-39
-5.44026e-35
-7.92368e-13
  6.1551e-19
 3.57361e-14
-1.00052e-21
-8.97686e-17
 4.23208e-25
 5.40385e-20
 1.82726e-13
-2.98428e-20
 2.89034e-15
  2.0486e-22
-6.97743e-18
-1.82907e-25
 4.03853e-21
-1.07784e-14
  3.9309e-21
-6.93144e-16
-2.94182e-23
 1.67328e-18
 2.68631e-26
-9.68492e-22
-1.04229e-16
 1.76083e-22
-3.60366e-17
-1.49415e-24
 8.69933e-20
 1.36385e-27
-5.03518e-23
 2.92132e-17
-7.94028e-24
 2.03177e-18
 7.64903e-26
-4.90475e-21
-7.22539e-29
 2.83887e-24
 1.43447e-20
-3.08672e-25
 5.18046e-20
 2.13606e-27
-1.25058e-22
-1.88242e-30
 7.23834e-26
-1.36056e-20
 8.49761e-27
-1.72633e-21
-6.71058e-29
 4.16741e-24
 6.10161e-32
 -2.4121e-27
  5.7521e-14
-7.23223e-20
 3.19247e-16
  1.6141e-22
-6.91474e-19
-9.18381e-26
 4.84829e-22
-3.70471e-15
 4.67389e-23
 2.24412e-15
 3.75213e-24
 4.62692e-19
-3.00331e-27
 2.06225e-21
 4.82525e-17
 2.91077e-23
-1.03359e-16
-3.04444e-25
 8.12729e-20
 2.38356e-28
-1.66739e-22
 1.24978e-17
 1.55443e-24
-8.61435e-19
 -4.0427e-26
 5.95401e-21
 3.09611e-29
-9.20963e-25
 6.03884e-20
-2.22193e-26
 8.62559e-20
 1.12162e-27
-3.36578e-22
-9.03476e-31
 1.28439e-25
-1.43369e-20
-1.68509e-27
 3.72735e-21
 5.50465e-29
-6.10002e-24
-4.16577e-32
 7.58433e-27
  1.5062e-22
 2.45592e-29
-1.06504e-22
-1.36869e-30
 2.33322e-25
 1.06299e-33
-2.04074e-28
-4.66081e-15
-6.39263e-22
-4.96905e-17
-4.35767e-24
 1.07633e-19
 4.47036e-27
-7.54659e-23
 2.01952e-15
 1.32619e-22
-2.23001e-16
-1.91309e-24
 7.87306e-19
 1.77317e-27
-4.21461e-22
-3.53527e-16
-6.65258e-23
 2.72723e-17
 3.58747e-25
-7.96184e-20
-3.09956e-28
 4.72036e-23
-1.99349e-17
-3.85051e-24
 1.60732e-18
 2.22248e-26
-3.31833e-21
-1.84165e-29
 2.21732e-24
 1.00486e-18
 1.98897e-25
 -8.0379e-20
 -1.0839e-27
 1.82086e-22
 9.24167e-31
-1.22035e-25
 2.80925e-20
 6.10343e-27
-1.86051e-21
-3.21394e-29
 4.69108e-24
 2.60624e-32
-2.74879e-27
-8.85228e-22
-1.89867e-28
 6.21835e-23
 9.99157e-31
-1.52645e-25
-8.26083e-34
 9.42083e-29
-7.54283e-17
 3.04558e-22
-8.30739e-20
-7.01404e-25
 1.79928e-22
 4.00061e-28
-1.26167e-25
-5.01105e-18
-7.37217e-25
 6.29562e-19
-3.65003e-28
-2.55194e-21
 -1.2594e-30
 5.15355e-25
 1.42028e-18
-4.97886e-26
-7.11027e-20
 7.37202e-29
 1.78147e-22
 3.55144e-31
-6.04541e-26
 7.12426e-20
 1.85688e-26
-5.67175e-21
-1.59482e-29
 1.05437e-23
 2.01135e-32
-7.59029e-27
-4.21569e-21
-6.90429e-28
 2.68825e-22
 1.56696e-30
-4.61535e-25
-1.96805e-33
 3.45163e-28
-1.03359e-22
-3.57693e-29
 4.59004e-24
 4.33695e-32
-1.30584e-26
 -3.9452e-35
 4.87056e-30
 3.52943e-24
 1.02597e-30
-1.70337e-25
-1.72333e-33
 3.95902e-28
 1.68023e-36
-1.97141e-31
 7.98128e-18
 7.66573e-24
 1.11363e-19
-8.91805e-27
-2.41217e-22
  2.3104e-30
 1.69128e-25
 -3.9661e-18
-4.01284e-25
 5.65132e-19
  4.1213e-27
-1.38578e-21
-3.68976e-30
 8.69174e-25
  6.5803e-19
 1.08945e-25
-5.83284e-20
-6.12489e-28
 1.45863e-22
 5.40826e-31
-9.33018e-26
 3.76959e-20
 8.95017e-27
-2.79068e-21
-4.78412e-29
 6.30416e-24
  3.8759e-32
 -4.0033e-27
-1.85844e-21
-3.85825e-28
 1.44525e-22
 2.06491e-30
-3.47576e-25
-1.75562e-33
 2.23944e-28
-5.29238e-23
-1.41823e-29
 3.67631e-24
 7.01209e-32
-8.48476e-27
-5.56486e-35
 5.32387e-30
  1.6495e-24
 4.11715e-31
-1.19095e-25
-2.06825e-33
 2.81752e-28
 1.68322e-36
-1.78966e-31
 2.89313e-20
-2.26894e-25
-4.39148e-22
 5.13578e-28
 9.51218e-25
-2.90361e-31
-6.66935e-28
 1.70159e-20
 2.17335e-27
-2.30632e-21
-1.39168e-29
 5.34137e-24
 1.29335e-32
-3.24481e-27
-2.92481e-21
-1.89199e-28
 2.26167e-22
 1.37437e-30
-5.29414e-25
-1.55263e-33
 3.34332e-28
-1.65804e-22
 -4.3624e-29
 1.10552e-23
  1.7409e-31
-2.46349e-26
-1.41945e-34
 1.55131e-29
 8.29567e-24
 1.53198e-30
-5.67214e-25
-6.92522e-33
 1.29775e-27
 6.29643e-36
-8.35915e-31
  2.3336e-25
   7.321e-32
-1.38341e-26
-2.70764e-34
 3.20393e-29
 2.12795e-37
-1.95912e-32
-7.32639e-27
-2.00982e-33
 4.53051e-28
 7.80561e-36
-1.05113e-30
-6.41878e-39
 6.57661e-34
-2.92895e-21
-5.77519e-27
-5.41267e-23
 9.93319e-30
  1.1724e-25
-4.65304e-33
-8.22024e-29
 1.85196e-21
 2.15347e-28
-2.60557e-22
-1.95617e-30
 6.22886e-25
 1.73044e-33
-3.96342e-28
-3.01669e-22
-4.44802e-29
 2.66562e-23
 2.58093e-31
-6.54625e-26
-2.32417e-34
 4.21815e-29
-1.73776e-23
-4.44523e-30
 1.24406e-24
 2.27851e-32
-2.83805e-27
-1.82981e-35
 1.79227e-30
 8.50043e-25
 1.76797e-31
-6.47824e-26
 -9.3194e-34
 1.56609e-28
 7.93485e-37
 -1.0027e-31
 2.43658e-26
 7.06818e-33
-1.66063e-27
-3.36536e-35
 3.78332e-30
 2.64651e-38
-2.40331e-33
-7.56494e-28
-1.99571e-34
 5.36658e-29
 9.71832e-37
-1.26098e-31
 -7.8593e-40
  8.0518e-35
 8.20963e-15
 3.19264e-22
 9.94016e-18
-5.35699e-26
-2.96767e-19
-5.24613e-28
 5.99974e-23
-1.07286e-15
 2.95117e-22
 3.73335e-18
-1.11501e-24
-1.26066e-21
 8.77454e-28
 7.10672e-24
  3.1231e-17
-1.40904e-23
-4.53366e-19
 1.35924e-26
 5.79131e-22
-8.19153e-30
-1.00011e-24
 3.29949e-18
-2.68965e-24
-2.22278e-20
 1.03406e-26
 4.03614e-23
-7.90868e-30
-4.08223e-26
-1.22326e-19
 6.86968e-26
   1.168e-21
-1.88951e-28
-2.12138e-24
 1.42459e-31
 2.29983e-27
 -6.2201e-21
 3.99446e-27
 3.94753e-23
-1.55974e-29
-5.78192e-26
 1.18166e-32
 7.73465e-29
  1.7206e-22
-9.66751e-29
-1.20067e-24
 3.46471e-31
  1.8973e-27
-2.61881e-34
-2.36189e-30
 1.63672e-16
 -1.6084e-22
-5.08951e-18
 6.49706e-25
 5.34264e-21
 -4.9163e-28
-5.64965e-24
  8.5707e-17
-4.81798e-24
 4.23606e-17
 1.85003e-26
  3.1962e-20
 -1.3516e-29
 1.86899e-23
-1.35959e-17
 1.80274e-24
  -1.727e-18
-7.21237e-27
-1.44927e-21
 5.41258e-30
-1.00447e-24
-3.50421e-19
 4.00323e-26
 5.22227e-20
-1.51548e-28
 3.96952e-23
 1.12061e-31
 3.27737e-26
   2.457e-20
-4.05838e-27
-1.83829e-21
 1.60664e-29
-1.44646e-24
-1.20138e-32
-1.23357e-27
 7.99376e-22
-5.04538e-29
 5.76035e-23
 1.88758e-31
 5.76164e-26
-1.40074e-34
  4.2713e-29
-2.48949e-23
 2.48635e-30
-7.09801e-25
-9.64719e-33
-8.08082e-28
 7.19756e-36
-5.54348e-31
-4.73724e-18
  1.2429e-24
 1.58732e-20
-2.45481e-26
 2.73233e-23
 1.98631e-29
 5.44241e-26
-1.31325e-20
-2.22514e-24
-3.86127e-19
 8.48584e-27
-3.17543e-22
-6.88444e-30
 -4.5292e-25
 1.18128e-19
 4.05291e-26
 1.49162e-20
 1.92266e-28
 5.93651e-24
-1.18227e-31
 2.92429e-26
-6.83839e-21
 2.01294e-26
-7.69984e-24
-7.92801e-29
-8.03163e-25
 6.22268e-32
-4.31431e-28
 2.05619e-23
-3.83029e-28
-3.48478e-24
 8.80352e-31
   2.598e-26
-7.72562e-34
 1.52689e-29
 9.03047e-24
-3.02737e-29
-5.41247e-25
 1.21278e-31
 8.05565e-28
-9.39205e-35
-1.69711e-30
-1.72597e-25
 6.77458e-31
 1.24299e-26
-2.46037e-33
-2.37085e-29
 1.93853e-36
 3.13891e-32
-2.90475e-19
 4.17587e-25
 2.36824e-21
-2.00411e-27
-2.82158e-24
 1.69165e-30
 2.59208e-27
 -7.7209e-20
 2.40345e-26
-8.98069e-21
-1.09873e-28
-8.89575e-24
 9.17623e-32
-8.24174e-27
 1.22904e-20
-4.89755e-27
 4.77361e-22
  2.2621e-29
 4.32266e-25
 -1.9174e-32
 4.59177e-28
 4.73966e-22
-2.08187e-28
-1.97979e-23
 9.56438e-31
-6.81683e-27
 -7.9226e-34
-1.65676e-29
-2.92928e-23
 1.25343e-29
  7.9983e-25
-5.79475e-32
 5.64999e-28
 4.88845e-35
 7.64284e-31
-7.60559e-25
 2.87741e-31
-2.27381e-26
-1.32138e-33
-4.08187e-29
 1.08894e-36
-2.76633e-32
 2.53567e-26
-9.96866e-33
 2.54815e-28
 4.59496e-35
 6.62627e-31
-3.83062e-38
  3.5463e-34
 2.01057e-21
-5.03514e-27
 5.27911e-23
  4.0684e-29
-1.30218e-25
-3.01643e-32
 4.27699e-29
-1.42304e-21
 4.00724e-27
 1.26513e-22
-1.59752e-29
-1.55986e-25
  1.3077e-32
 2.73505e-28
 4.61327e-23
 -3.9294e-29
-1.12561e-23
-3.07148e-31
  2.4186e-26
 1.47282e-34
-2.48879e-29
 2.42857e-23
-3.63209e-29
-2.74195e-25
 1.49098e-31
 7.93574e-28
-1.18062e-34
 -2.3441e-31
-7.81106e-25
  6.2636e-31
 1.56351e-26
-1.75896e-33
-4.53227e-29
 1.61123e-36
 1.73811e-32
-3.05724e-26
 5.48166e-32
 7.36861e-28
-2.27772e-34
-1.65983e-30
 1.77796e-37
  1.5636e-33
  8.4867e-28
-1.20001e-33
-2.02305e-29
 4.66262e-36
 4.87796e-32
 -3.7287e-39
-3.83492e-35
  7.4966e-23
-1.94371e-28
-5.70403e-25
 1.03975e-30
 1.04622e-27
-9.28163e-34
-6.64401e-31
 2.32295e-23
-2.39124e-29
 8.73078e-25
 1.08972e-31
 1.24946e-27
-9.18517e-35
 7.49091e-31
-3.31382e-24
 2.55497e-30
-3.62384e-26
-1.21494e-32
-1.18757e-28
 1.10562e-35
-9.88992e-33
-1.91842e-25
 2.11931e-31
 4.43949e-27
-9.77297e-34
-3.13332e-30
 8.07608e-37
 4.00444e-33
 1.03387e-26
-8.10681e-33
 -1.8597e-28
 3.84044e-35
 7.64178e-32
-3.38015e-38
-2.28243e-34
 2.57492e-28
-3.06682e-34
  4.1927e-31
  1.4125e-36
 1.39608e-32
-1.15389e-39
 1.69094e-36
 -8.6449e-30
 8.54028e-36
 4.32118e-32
-3.97998e-38
 -3.0777e-34
 3.34549e-41
 3.53021e-38
 -7.0567e-25
 1.23023e-30
-2.53055e-26
-9.20191e-33
 6.88553e-29
 5.38305e-36
-3.16072e-32
 6.74277e-25
-1.84336e-30
-3.24664e-26
 7.56001e-33
   9.653e-29
-6.21912e-36
-8.02651e-32
-3.54864e-26
 2.85718e-32
 4.39357e-27
 3.74016e-35
-1.21389e-29
 2.45768e-38
 8.80915e-33
-1.07627e-26
 1.66861e-32
 1.44423e-28
-7.02573e-35
-3.48643e-31
 5.59784e-38
  1.8952e-34
 3.73418e-28
-3.07894e-34
-8.14595e-30
 1.03252e-36
 2.10089e-32
-9.42233e-40
-1.19349e-35
  1.3482e-29
-2.51237e-35
-3.01972e-31
  1.0672e-37
 7.54504e-34
 -8.3813e-41
-5.43903e-37
 -3.8575e-31
 5.58253e-37
 8.83386e-33
 -2.2671e-39
-2.23511e-35
 1.83015e-42
 1.51407e-38
 2.58149e-16
-2.41031e-22
-1.48481e-17
 4.20239e-25
 3.49447e-20
 -1.9868e-28
-2.16207e-23
-6.54868e-17
 1.37707e-23
-1.20691e-18
-8.99901e-26
 2.69662e-21
 8.01932e-29
 -1.6163e-24
  4.8538e-18
-1.86727e-24
 2.89434e-19
 1.28252e-26
-6.46685e-22
-1.15527e-29
 3.87609e-25
 8.45641e-21
-9.68979e-26
 1.50477e-20
 7.00071e-28
 -3.3621e-23
-6.26597e-31
 2.01517e-26
-1.13038e-20
 4.28622e-27
-8.48398e-22
-3.46978e-29
 1.89558e-24
 3.20693e-32
-1.13617e-27
 3.56608e-23
  1.6239e-28
-2.16318e-23
-1.00215e-30
 4.83321e-26
 8.68365e-34
-2.89692e-29
 4.44764e-24
-4.53483e-30
 7.20858e-25
 3.10854e-32
-1.61061e-27
-2.76946e-35
 9.65368e-31
 -1.8789e-17
 2.72863e-23
-1.26965e-19
-6.02403e-26
 2.72361e-22
 3.41479e-29
-1.91167e-25
  1.8473e-18
 -3.7588e-26
-3.69009e-19
-1.42179e-27
 2.24339e-22
 1.15989e-30
-6.04249e-25
-1.15733e-19
-4.16427e-27
 2.81861e-20
 9.57044e-29
-5.16166e-23
-7.90431e-32
 5.69261e-26
-9.84183e-21
-4.98226e-28
  4.8314e-22
 1.55969e-29
-1.80425e-24
-1.20832e-32
 6.26302e-28
 2.58863e-22
-6.24218e-30
-3.58407e-23
-3.93195e-31
 1.24848e-25
 3.27824e-34
-6.05312e-29
 1.27887e-23
 5.40344e-31
-1.39543e-24
-2.13224e-32
 2.47854e-27
 1.63055e-35
-2.68507e-30
-2.99007e-25
-1.71251e-33
 4.08998e-26
 5.13867e-34
-9.26539e-29
-4.05904e-37
 7.68757e-32
 1.94992e-18
 2.40288e-25
 1.97623e-20
 1.87315e-27
-4.23947e-23
-1.91621e-30
  2.9756e-26
-7.81886e-19
-6.83159e-26
 1.08541e-19
 8.34949e-28
-2.93693e-22
-7.72907e-31
 1.73414e-25
 1.36564e-19
 2.82109e-26
-1.15784e-20
-1.52174e-28
 3.06759e-23
 1.31778e-31
-1.90386e-26
 7.69539e-21
 1.70932e-27
-6.03256e-22
-9.62658e-30
 1.31114e-24
 7.98969e-33
-8.49713e-28
-3.87791e-22
-8.58017e-29
 3.07136e-23
  4.6385e-31
-7.19221e-26
-3.95973e-34
 4.73646e-29
-1.08509e-23
-2.69198e-30
 7.54151e-25
 1.39093e-32
-1.81614e-27
 -1.1299e-35
 1.09017e-30
 3.41801e-25
 8.28617e-32
-2.47073e-26
-4.30158e-34
 5.95506e-29
 3.56097e-37
 -3.7105e-32
 2.54672e-20
-1.19285e-25
 3.30349e-23
 2.73036e-28
-7.08745e-26
-1.55276e-31
 4.97471e-29
  1.5892e-21
 2.87808e-28
-3.66352e-22
-7.23406e-32
 8.46111e-25
 7.20682e-34
-2.81932e-28
-4.66241e-22
 2.66252e-29
  3.1308e-23
 -3.6591e-33
-6.19471e-26
-1.69594e-34
 2.74652e-29
-2.32451e-23
-7.44639e-30
 2.19757e-24
   8.638e-33
-4.30728e-27
-1.01292e-35
 2.80586e-30
 1.38757e-24
  2.6182e-31
-1.05926e-25
-7.07867e-34
 1.82297e-28
 8.70749e-37
-1.28244e-31
 3.37698e-26
 1.43422e-32
-1.80602e-27
-2.04518e-35
 5.07464e-30
 1.86212e-38
-2.07797e-33
-1.15842e-27
-4.04652e-34
 6.71224e-29
 7.73509e-37
-1.54174e-31
-7.53207e-40
 7.88327e-35
-3.27948e-21
-3.11784e-27
-4.42896e-23
 3.51773e-30
 9.50111e-26
-7.86306e-34
-6.66865e-29
 1.54418e-21
 1.80668e-28
-2.23476e-22
-1.75525e-30
 5.41685e-25
 1.57991e-33
-3.42936e-28
-2.56148e-22
-4.47484e-29
 2.30976e-23
 2.56483e-31
-5.73905e-26
-2.28009e-34
  3.6889e-29
-1.46515e-23
-3.82081e-30
 1.08446e-24
 2.02983e-32
-2.45438e-27
-1.65313e-35
 1.55405e-30
 7.22792e-25
 1.61233e-31
-5.65575e-26
-8.69827e-34
 1.36221e-28
 7.43507e-37
-8.76128e-32
 2.05881e-26
 6.03715e-33
-1.44419e-27
-2.97171e-35
 3.31319e-30
 2.37012e-38
-2.08659e-33
-6.41715e-28
-1.73887e-34
 4.67708e-29
 8.73938e-37
-1.10276e-31
-7.14729e-40
 7.01675e-35
-9.70433e-24
 9.02579e-29
 1.74653e-25
-2.03017e-31
-3.74666e-28
 1.14226e-34
  2.6297e-31
 -6.5425e-24
-8.68465e-31
  9.2043e-25
 5.84548e-33
-2.08096e-27
 -5.4992e-36
 1.28546e-30
 1.11875e-24
 6.23379e-32
-8.95247e-26
-5.63535e-34
 2.07377e-28
 6.49029e-37
-1.32237e-31
 6.34262e-26
 1.76682e-32
-4.31537e-27
   -7.29e-35
 9.61278e-30
 6.00531e-38
-6.00619e-33
-3.16875e-27
-5.91667e-34
  2.2299e-28
 2.85409e-36
 -5.0814e-31
-2.62909e-39
 3.25971e-34
-8.93085e-29
-2.96865e-35
 5.40259e-30
 1.12992e-37
-1.25169e-32
-8.96863e-41
 7.68312e-36
 2.80116e-30
 8.02409e-37
-1.77537e-31
-3.23609e-39
 4.11258e-34
 2.68967e-42
-2.57623e-37
 1.21162e-24
 2.34628e-30
 2.15264e-26
-3.97936e-33
-4.61788e-29
 1.81322e-36
 3.24121e-32
-7.21593e-25
-9.31808e-32
 1.02396e-25
 8.25434e-34
-2.44398e-28
-7.35901e-37
 1.55818e-31
 1.17558e-25
  1.7875e-32
-1.05236e-26
-1.07375e-34
 2.57934e-29
  9.7615e-38
-1.66423e-32
 6.76042e-27
 1.86822e-33
-4.84431e-28
-9.59068e-36
 1.10379e-30
 7.75348e-39
 -6.9667e-34
-3.30963e-28
 -7.2657e-35
 2.54048e-29
 3.89709e-37
-6.13352e-32
-3.34282e-40
 3.92643e-35
-9.48796e-30
-2.96589e-36
 6.50128e-31
 1.41475e-38
-1.47841e-33
 -1.1195e-41
 9.40151e-37
 2.94614e-31
 8.30577e-38
 -2.1045e-32
-4.07454e-40
 4.93652e-35
 3.31644e-43
-3.15415e-38
